0.9334233455106671
1.7230384594494963
0.29145273662886706
3.304953896537909
0.9381373843968878
0.348681716283146
0.6267066734615816
6.350569651922394
3.6841532610658043
0.7479092347284865
7.1894167422472055
0.7155785869154864
0.9747895678677683
1.166729913421726
0.588715552185951
1.0585174711716134
0.4530282839666409
1.7385868941523108
1.82072011697494
0.5247645936220425
1.413457149412303
0.5628866530146124
4.055350822150036
0.6019901260392713
1.0712724260415203
1.1154682184389135
1.7518009324607327
0.6986963257057658
0.490978159290975
1.045830696570337
0.6996503161137709
0.9306043980806765
0.6518018569389513
0.6981983964036375
0.5409253173604831
1.014378614187594
1.090003465904399
0.9813402960765945
0.6999145479892643
0.8392632833075058
0.6598953526213269
5.978680954477537
0.6201673234462166
0.6173695323446927
0.7223423006831627
0.8688679204191371
1.3322613830603056
0.5344902378211328
0.6179874660309812
1.1084502731610906
1.5066464205936767
0.7216448974269193
0.44327432762210245
3.6582494702695363
1.100432824701418
1.1053943837414861
0.37183945120128387
0.6161479766060787
1.0274296687638989
0.6589878083545986
0.5962663169294452
0.4728912762946273
2.010853285395582
0.6985264083870086
1.0066372202575578
0.5974692942115485
1.3288441471061743
0.8378724769411576
1.1173841995472011
0.7182080163106404
0.37338208533662876
0.8953608882955635
1.4297777456580858
1.0437207972664602
1.6220141020263052
1.3340233140961861
0.417050214012263
1.2138165225414013
0.7155990321068618
0.46617654209411563
0.7643401016694921
1.0382537086466004
0.811972464060687
0.537523326407747
1.2177377769090052
1.6839675653928334
0.5243687569385869
0.58752764212097
3.9728801647775756
3.367348931592079
3.136994738207769
0.898529226267733
0.6638825205080826
0.5633976494607936
1.1309572287485348
0.6334214076620932
0.40317952949214414
1.3847701902709513
0.3554793424008646
1.1920793728553105
1.2551183869917382
0.7429766100788215
1.0082697687888864
0.9186037818803869
0.7499861550497534
0.45839968020165
1.4144202068182223
0.9343717801601463
2.6103810548100914
0.31949713896214343
2.755268925824757
1.0746393490464408
0.5692231956207466
0.9692594547231903
3.003053133763376
0.8077245310917581
0.7091273290073086
0.7426676210126432
0.6830754439117731
0.7841350470670528
1.2031386657770342
0.5828144477100452
0.6811333285153796
0.8638767602976428
0.9262206823733738
0.8905370676208704
0.6674815408811824
0.430182471555183
2.194707202192009
0.9847873997885611
0.6778311634318374
1.184358824131264
1.5852009793424453
0.8824725507749661
0.6777055143970149
1.0936901339240037
0.4955389925800845
1.0087181851710316
0.9426926619274713
0.8335798312276119
0.4355631570184475
0.6163285165351374
0.7529395073900033
0.575489913453727
1.9478076487949916
0.6220337027423847
1.4333636544410644
0.6795604266075854
0.5716827965892798
0.6275773274916977
0.952093405367965
0.5351496396890588
0.49469269499534607
1.7877867804770469
0.790094509230515
0.7482001786909727
2.8412414444652154
0.7085085508457243
2.02237241733898
1.4695646214275029
0.7109042828142432
0.4563051147913048
3.1301078199390218
0.8712892088768754
0.5901690275084717
0.5517731803357439
0.9096868338923315
0.5972990657703139
0.7595025916057911
0.5815884029185422
0.6629212409448914
0.450941496618232
0.9476549765506989
0.5429782812509861
1.624698333423559
0.5658151600027344
0.7684392292020624
0.995024307110242
1.2692233467373786
0.41320576245052154
0.9148887572692656
0.6483907100961644
0.6938547266037897
1.7846290206691107
0.635618065691111
0.8839684720926249
0.3681217598260701
0.421636426006319
0.653495918828679
0.7650551055687457
0.47067559534841674
6.137366574014393
0.9547265237867801
0.4950065731290272
0.5167216331192188
0.8205252654119186
2.104453638261807
1.2329654887836348
0.8161449720518679
3.496515561590739
0.8125727082118289
1.8747090227029628
3.1502453111842574
0.5270471659009054
0.35975438747140004
0.616876847678613
1.6303287613440811
0.7620807302382336
0.6318203713931237
0.5381372599478967
0.6878305954110857
1.7613454144858092
0.8891707510381046
0.7276349384853082
0.9549557766065943
2.1082860893851323
0.8454019964640486
1.2729604165983308
1.0377755578448244
0.656849463567069
0.8537963031360524
0.37945070704360845
1.3397882802651724
1.0927436549015257
1.8236551130890204
0.4666936276516413
1.2500354901854636
0.962751528078048
1.6458151048896097
1.4703331828389463
0.5961686244715252
0.8239332121377946
0.3882687625299022
0.568216403283711
1.0015858801597106
3.0327755085096886
0.8774204550939594
1.0893408639195619
0.5366028483351702
1.68943523181158
0.848248100441714
0.9097032344915
0.80329681377693
0.6971596028974926
0.7471079610108423
0.4945360670509829
0.7793828734543102
0.6527720701618521
1.7322486181495165
1.4244719073736827
0.838915003917032
1.3863024240263355
1.3945093016287085
0.8633282513698944
1.0633468476048324
1.0138463725208093
0.33954618253164626
1.5442805954955332
0.35207601806608224
1.6850329820938348
0.5867076566086104
0.9514198252042808
0.6103999443890794
1.0186409032365538
0.5763063877266983
0.7537162913240653
1.4062512417120305
1.5175046395028298
0.57136491830946
1.0225467348184898
0.568846648530893
1.7253847229441004
2.4820896567865725
0.9263033520602397
0.8684278154517467
0.632681825087121
1.661680973411562
0.9046814954750791
0.5001883624370632
1.0219041335643462
1.1038182372707128
1.0774204284263185
0.9854526685374906
0.5167503008332127
0.7689188911701574
0.37757454961243475
0.5101427705492174
0.7790402831605671
0.6741385396390925
0.9122052370091032
0.9179106454466914
0.762930894630906
0.8021077481141755
0.5627793602059595
0.810751575013096
1.24927808473714
7.014539775630914
0.5899139959690972
0.7542399104536175
1.053220122086238
0.9965379179630474
1.9874851872366182
4.151800968017587
1.347331044716389
0.9681883933715267
0.3635609265369606
4.043664661882314
2.7753991723608746
2.1745121532884446
1.339554938407083
0.8843617309041246
1.0330752972397481
1.1747111827818777
0.5235757057435609
0.7816167328424176
0.538774216551378
1.3177060513055188
0.5801529282536455
0.889075725344277
0.561835547947574
0.8962030968420268
1.188346747601179
1.2799939624460948
1.4176809481661952
1.2677188473285557
0.5886456385206607
0.63099305227951
1.1790623195211842
0.9304994609136387
0.8230881145968977
1.2477064717653241
0.9146267921432507
1.2374124512459965
2.462827175286137
0.6249128301487281
2.6275001246712213
0.7626512844158129
2.8076021266199147
0.8749468091678727
1.304955185473887
0.3088871513439291
0.6236558953398209
1.2059935256301364
0.9589069431781019
0.9963397773909785
1.6832689176466802
0.6360809714914918
0.6637362040515435
0.9675538813017969
0.6683604618799851
1.13234487944404
0.3044018319247041
1.848584646070181
0.655271450361431
0.8549070992726935
0.783538447493504
0.737761530665698
1.4526688930591154
0.7682201100857996
0.6971314685363172
0.5454904619182087
0.310546767530796
0.9636274711902808
1.0382594421893991
1.4815645264907011
1.1344630457166036
1.2438840210073452
0.518669659842684
7.785750617200327
0.4805725791404468
1.5022254590812163
0.5153993181439784
0.5841093394612017
0.4743900421606514
1.6828523690954398
0.8278887788700547
0.3922637084785942
0.9806320924257766
1.2279283269815457
1.7025428662327131
0.497894989763626
0.7304032173975422
1.131666187982512
1.0901624050443088
1.5112252545404103
0.9636846288339956
3.640308370376909
0.458980456974917
0.6527901152655443
0.8028075514581021
1.2800419641997587
1.3828659429246704
0.451299465251575
0.5344559254564767
0.5781132092914684
1.8611785283889037
0.6303543178333004
0.5398222548397101
1.099434921578024
0.6012869447941609
0.5493465139037524
1.3205235320152584
0.6345825611940134
1.2651968885263274
1.3090045778561332
1.4900113239692578
1.0018072660254522
1.1284170470583414
2.0952625024789793
0.9232373289370839
0.7106614294975576
1.0464640085962251
1.3793947938898035
1.1694268119484188
1.0122408916450192
0.9874030509025707
0.6867766902417501
1.3995587305456225
1.596446634628163
0.8544373932238769
0.7158265959760841
1.0263976310601215
3.7448113437744257
0.736941856275816
2.2651326195116996
0.6865703715931311
1.4068112177253764
1.9367869795065402
0.6948972980257323
0.7428950070975926
1.7106638295852408
1.203727798411124
2.188495775267879
3.1030801214159913
0.7872704949487488
0.46894482100634965
0.5577309979946823
1.2454056765984962
0.3747414683327542
0.6091834110561728
1.4865655980854056
0.5993605633059128
0.5696501001058795
1.4462342135343789
1.9973644370474335
1.253493660968414
1.873360306763207
0.4324825555849196
0.7307226068436812
1.6567079472858963
0.8530264083425626
0.877736777761392
0.9799330446650095
0.6685627803824655
0.9520872718105524
0.7217261448396026
1.1899406724992354
0.9711486792984171
0.8376594469362392
0.7961870873682585
0.6067307881203482
0.883624459524699
0.2992120867704589
1.6432270103378888
0.5474772011670826
2.699027137791434
0.7072646387348018
0.5333697968876907
0.7149896765117375
0.5240140773142912
1.52719854920922
0.747632557953895
1.4016609851257678
0.724043340605599
0.7632226830686881
0.7877798913364746
0.4210790278649291
0.7013821127154067
0.6974847258864302
0.5984318182646495
0.9118043334738718
0.6042207853104677
0.4796459675104575
0.35448415048763116
1.4345844101504508
0.7403902044776924
0.7473210799078971
0.7278241009515992
1.9754705705248432
0.335531680312943
0.7028176318263716
1.4076556485752503
1.283662896484485
1.3679221969798185
0.7385744048071445
0.6484809356146256
2.6098995261071316
1.2383255068251826
1.2126323903922178
1.2152953321228002
0.8098673204861084
0.9484946072252062
1.5440587207230416
0.3881878262396964
0.6828814368240476
1.076911076484661
1.91591715039545
1.6617849772111675
0.7988069608587478
0.7738228036597604
1.2025011313746663
0.893125517741137
1.4354535530142478
1.3046653526631062
0.9455415215613655
0.347407047493024
1.3584831854745982
0.511698205152206
0.8889231419921207
0.7961218405401299
1.2374865428416986
1.0349631439868603
0.9854325789146607
1.0595091073993903
1.496211150469586
1.78050238102032
2.2976923868063093
1.1939798422857937
0.563541254707172
0.8679005961906697
0.9659405779180021
0.8456794288217996
1.6446419509192736
3.076606709809576
2.303470108996871
1.0676246927776651
0.311593916897764
1.1661882047424132
0.5844030390799166
1.8883793887936706
2.2660281633400117
3.028396770762025
0.4023706999429046
0.8120205547064875
0.5991041094923557
1.39196031961701
0.9569641610906852
0.6416853984621127
1.1997728094777507
1.355082439011772
0.9164189909515805
0.6326967589660387
0.6102154932060184
0.5888971588206466
1.162667720571836
0.4746036499644565
0.5000829808093433
1.426778569421514
1.0558668410019245
1.197448724571182
1.6888824116152155
0.9674856121410302
0.9222943167079259
0.9036421241700474
1.087421816032568
1.8906797394998165
0.7920360468280219
1.110193092387642
1.00188691337968
1.594468917931135
1.101135294809437
0.8726455695403628
1.0149809473039415
1.134430822317153
0.7364693056786341
1.0908017617354733
0.8378051411478232
1.5871621176560318
0.7872800508534133
0.5817420974224036
1.038775505487356
0.49246559140960616
0.6072396067091873
0.5503584175386319
1.5380909471448245
1.5335949606692298
0.4579461969677292
1.1790223625058658
1.2941266565382967
1.8773193402887873
0.6105880401497334
1.2575216303457841
0.9181793663750738
1.7194893520109935
0.48317605203176756
0.5914440074210712
0.5084886212287401
1.2749936908806179
0.4604497995437878
1.6691671580179508
0.6310726551876695
1.4204268262600528
0.5186657485886818
1.6624263339754013
0.5371723802531808
0.9216163808295574
0.6600707812525417
1.6657316547297862
1.269297127210603
0.6017842074052661
3.498644794934286
0.5428482320554111
0.8388560239845206
1.9896294877972875
1.6073186762645284
0.9702075782501921
1.1257297044363133
0.4718565273806892
0.9213661939116176
2.043911426453002
0.8890371017110047
0.5344429472045601
0.7000559753783004
0.5597540496812817
0.9125985847127392
0.6476173040632862
0.804812913609555
0.5482640743586277
1.1786483488419
0.8675848068760557
1.9006652598597158
0.7503303898480203
0.7712645324198066
0.5363851070470219
1.3723481808979865
0.6808100722613066
0.9360820204187015
0.6248002038118904
1.8985684721459601
0.3200004462385248
0.7497291678833777
0.8932211656799195
0.6969212386336958
0.442200732844551
0.8273565816493385
0.6635116180688913
0.6020515949516022
0.7529058617163703
1.4493335267626222
0.5416245873515912
0.7865430905964653
0.5110309363302072
1.0269419620574582
0.7477517178627593
1.0290723509987787
1.2530755123587183
0.9085695930758003
0.8806165718587585
2.532251533811591
6.1359623004893775
1.0289871923320932
0.7724666207805458
0.6104704802993247
1.7553126607558729
0.6150722039711851
2.030198881043565
1.4974050163077068
1.4432463265991318
3.67705624623264
1.4321660106871459
0.7993126682228124
0.4176338797799635
1.6619728062954122
0.6041615831476155
1.1286626560312558
0.8174575533381708
0.6174903367580806
0.28073510063345425
0.8310313825687321
0.7708027822171992
1.4188324569013144
0.6551361565298074
0.9456821044751057
1.129122850621476
0.7561802924533509
0.2955214630507835
0.4813905201336689
0.678821244047227
0.5005773988720832
1.2264935190076722
0.6701711502526893
0.6009550660028558
0.5876761808809193
0.4697577395938643
0.9938053292435839
1.9285246332110444
0.9823495773934496
2.8089915551581486
0.5114348621980768
0.6493454116412608
0.395675699796677
1.0617465669190225
1.0434297199657694
1.1305306798319477
3.444189472166494
0.43287545882787365
1.2143831654649784
1.5067254012568814
0.6642651122632125
1.0784123313305045
0.697496459648437
1.9880592082075177
0.6842065963476532
2.666069933754913
1.0620515558390622
0.5748650017347301
0.8574111907555023
0.6415398820348015
1.084707316862865
0.9676554850137191
0.6620624540149866
0.9052654279191888
0.9985483914123441
1.0627864715768727
0.45420548252918397
0.7495649396613512
0.5144598616002771
1.0349682552847042
1.565732401423732
1.055081790099176
0.9567404640293969
0.47241388107601084
1.1324774176194348
0.7131504982093123
1.44940375155039
0.4719600867196126
1.7529446631339154
0.6978891406610499
0.5262661151442954
1.1476176151857638
4.240968136702594
0.5688914057215779
1.3897418830145705
1.1274251886002236
0.528555487671594
0.7273950186091243
0.46722569153415294
2.5425933338542412
3.794842860481392
1.6214236804562372
1.1030818103665831
0.771108437828262
0.5867938375348646
0.6828021005922972
0.3954824038460427
1.507196174011335
1.3057857935965482
0.9012987496698768
0.4373314882881499
0.4748995274405136
1.101798963499911
0.3359168943860971
0.422535125505474
0.5576958856007984
3.722477772299059
0.9767752848570734
1.9090391213403441
0.5835106064763789
0.7367477158498857
0.42035455695314733
1.139565009886139
0.9783471200592306
1.3224989375167395
0.7891619418273859
0.4307482255573959
0.6144181800775121
0.6935885835473634
1.6149517106802747
0.8991534712957069
1.3017770249206437
0.6547589871949988
1.332083687679612
0.46463999707011516
0.4641058442223978
1.0620118210540848
0.9903592922372542
0.8451148748634283
1.2437057922738333
0.6444584775497132
0.7558703255736721
0.6140020759869539
2.6251997295190073
0.7339539693405688
2.6240881333531383
0.6656963645516294
0.9973398139256465
0.5107282141596462
1.165464667198064
2.4471804258804477
0.6065625153061147
0.3126326659578408
0.7506488459267268
0.6336168370240015
1.9478427611888753
0.7204648987620792
1.639827019458222
1.4110973298668956
0.4648609384751745
0.7489195827509787
0.5613072619808599
0.6626220744597869
0.8538785283622362
0.9493419270695134
0.8191765050260947
0.47413154382795675
2.0194223540077774
0.5941590843896608
0.31057605748974476
0.9178981116554569
1.1772910548109803
0.7841562478415878
0.6451073012534058
1.482274863552793
1.3418559113581838
0.5280777368844319
3.2896523152979187
0.6635455748650018
0.4552142304932207
0.9805802683102467
0.696962840153538
0.6129710160966769
1.8385370789990638
1.0018142440581608
0.6166435947126602
0.3175936027529539
1.1105207488024673
1.186465567764298
0.5312186960785856
1.1075785968714058
0.6880165577604658
2.6521257354379792
0.8382480906635789
0.9239536217723154
1.275409083834085
0.3435252612339882
0.5680591975404613
4.073252765056572
0.8335579193159857
0.40840883164709396
1.5235210370796657
0.7227544046275824
0.7121018376760253
0.8394484900737262
0.5216722139804396
1.1383011414905913
0.3838187332888339
0.7754365959503053
0.6747076270964211
0.4383282358137706
2.0408042907167543
0.8892067967994208
0.468736457838593
1.4838774998802178
0.9519088208466994
1.2391354030800592
0.6107695578922928
0.6838712063169596
1.25587632579288
1.9619417207153078
4.141800647116975
2.113891138600708
2.8058259728422077
0.6957827525965615
0.309205474084431
1.3971833993224108
0.488253170849175
0.8811977042005712
0.8156563319779949
1.0998191578376775
0.9674877011062359
1.5663490461740424
0.47893149696402243
0.459279934582499
1.912731745133089
0.7927933189381408
0.8366451876597447
0.771528542064959
0.5375364379978682
0.6389748549924802
0.6590072757324734
0.9308100055922043
0.9635363567504555
2.2256081533289795
0.7157053471020142
1.0414858267266476
1.973485031319811
0.42604836496693343
0.7264047602094619
0.9240356247681581
1.2466393216676628
0.6397575058075455
0.5661019704808771
0.6968577252022274
0.6332386454296242
1.6439503700979654
1.38030536048917
0.3338211733779785
0.4739986945300846
1.7379668715008165
0.925660706360028
1.1773224781812028
0.3956986339678721
1.2271872776863226
0.8642134392643145
0.6937515228334119
0.8609732319998535
0.7059362790942851
1.0087881877284584
0.6064030872594546
0.7913488661674662
0.7671834055448603
0.902182915304728
0.7431254599612483
3.078024228262917
0.9850168748387164
0.6405841582301363
0.7724737765975273
1.1313817331459843
0.6862757386069838
1.5654216345148253
1.1347036322838104
0.5686125510896443
1.1418200700487813
1.0306771651835458
0.6860299518497964
0.7169281028844698
0.9114648544049031
1.0478183691866432
0.8482691678780443
0.7058080521875065
0.6205161361895087
0.7451962467251025
0.5949926259528237
2.419438656825596
0.6058471558383155
0.896288611077258
2.28008632137583
2.848408595194011
0.7040892782838555
0.7469868899210451
0.5229486606132899
0.6901514802007434
2.973034970433142
1.2374156069168394
1.808817504355048
1.688697871540018
1.1726995981808757
0.670252086542895
1.5266459067971283
1.338549123883548
1.2314051651131432
2.406969845742809
1.2450945541210439
2.173961955410104
0.7902156247663804
0.726779040549837
0.9207169257472428
0.9051738245726133
2.2801485903173884
1.0765049727594493
0.5292947591240889
0.8611375046679484
0.7816085992119357
0.6363944051644909
1.243011233565955
0.47999255795033935
0.9188533021073036
0.7656107258674072
0.5782548144647773
0.8822759658152844
0.6187240707193836
0.7264728515859558
1.7779206867024209
2.5178937203839182
1.4392204906330355
0.5863015528833987
0.7600800793700108
2.3163336456114085
0.6690529760687257
1.557559569509606
1.0928531700135888
0.5621834273234337
0.3682688763118368
0.8522053116784978
0.7095941905077598
1.20851535109416
1.2902216694316566
0.3725071200378965
0.45765640860301654
1.3960190012275115
