1.6993624519700583
0.5548833817524611
1.3779188682821155
1.3205142938715553
3.637045174030335
3.701309501522683
1.5486430514813576
14.839034493532605
2.427067154137407
0.5853502437435206
0.4310747525920908
0.8749764876739395
0.5729646772508403
2.2591273727221273
1.7978232042906932
0.8414355849402145
4.041454959408089
2.9886453081311726
2.5364930639360552
1.6122438545748352
2.404559339553821
1.7068003270808514
2.6531041538583486
1.0742708089142647
0.6203020416412353
2.0469154651243797
1.2456151706973755
2.4496457001996266
3.680150119672238
1.3201928679818513
1.571701424601333
0.6550684528224816
2.5716341607879
2.9393179929456132
0.5611579885603504
3.201355314714846
4.6609128913165705
1.2194054456836705
0.710476407850954
0.7108666980149528
0.8390570778136514
0.5471820085437047
3.269702240036142
1.2838848573329182
4.750277646616552
1.658394966266064
0.6825195575205856
0.9418202690454731
1.3565454692486782
0.7454580810180852
2.581114757445044
0.7979259894438048
2.345952641207217
0.9554275206625055
1.7187606600140548
1.2279199863818564
1.8129842811181052
0.6566424616226156
1.276332816013998
3.1597535130227055
1.5296057473616513
2.569895571262498
0.8292145102583095
1.7019055842791353
0.5378474094829351
1.470457826500351
1.0322907649718334
1.4380078601300348
1.441328949789586
2.3831096074287346
9.144229398323189
1.2708464806376911
3.719944734308159
1.1069976994708832
0.9313234241984614
0.7439501356857381
1.4432013556259156
1.0987285183142292
1.7350842938284317
1.0000853134553724
1.5005748544214133
0.35308958521878364
0.9266334070152912
2.804183969241632
2.768173955513679
1.049289704355312
2.585077854196326
1.0843529565691383
2.191072487050827
3.678050981880516
1.3864858240735187
2.0098580386770037
2.677960466927343
2.764916484173376
1.6304226003567872
4.448503904746616
0.7633728396723661
0.7754115507305415
3.1671221237439884
3.408735964458388
0.6124077684414103
3.736360883651786
0.9728151497491211
0.7962927635917916
1.9857627447476986
1.3998286439904184
0.9104233170075952
1.894367893759274
1.1947391873419906
0.6864608702212517
1.5341924459047562
2.9096513613853516
4.840845370540254
0.943083388323242
2.966372761294241
1.2718958050186986
0.6258919624010842
0.8066936252443537
0.3690514259639476
1.2706560257951611
1.2421610205000808
0.4099394221118161
0.6083258819284006
0.9794250086502687
9.647967252436825
0.696366744895119
2.4742061947527025
1.6390939862194096
0.87378241049945
2.528965651931505
1.061691808943562
0.3694813275342709
1.0651845480305195
1.8522178897647905
2.180251815622819
0.775951617356838
1.3439916765365458
3.815368123114207
5.207975932269563
2.244463061163257
2.159282888614904
2.347077365077704
0.46313749634839296
0.510230657085656
2.0586929898613917
2.2876024167136837
3.109992384029161
1.0214912551929953
1.632110597536064
1.2340968317054497
0.9049662789565048
0.63143346921987
5.461723044604711
1.313508409821655
1.2437351182147072
0.8400477186297334
0.5039817021087983
0.992340505517122
0.5828032881112744
3.4197037449139245
0.5137206398233518
2.3993802926629404
0.9500995864542505
11.229673513541966
1.6025638227114376
0.5620675838166911
1.0998619558049627
1.0456957361188584
0.5508620460087151
5.570854558519318
1.7628867441429024
0.6827024546312691
0.7563265439857104
2.548125035649154
1.0362685770715931
1.1994236918266374
0.7630044224734758
1.7214282726123669
3.363646402890859
0.3380710383225463
0.8497902573812255
1.6846611964396325
0.32864507962092726
2.3484436251665537
3.265519035459144
1.9966681516868792
1.0458336869536788
1.4407727896401812
1.0508765168423386
1.6162039282333789
1.4209483255200464
1.102324887241975
5.049924598287658
2.959507362142192
1.6668490006522323
2.172050742967275
1.9041762736923222
3.241582854013829
0.5749368896047888
2.25736988886711
6.232739640894816
1.0345525273699925
2.2468228962464347
1.1067112614339036
2.4443197221102024
1.921636545919156
1.3196660940721552
0.7490390232814151
0.8006918525561205
1.2843236948097188
1.2046289684927496
0.8764142350146071
0.5931913460769437
1.7563006254112017
1.6152150212498968
0.846223763722896
1.237195412847993
1.7084839674500047
0.5345802909202165
1.5482356008203428
1.5008569801055158
0.5343033667339142
1.0865321618611865
1.6118316469884817
0.864855173185203
1.6539608449917644
2.5989215294484134
1.593572344676496
1.7347914094907595
1.5359814944045442
2.127037959063857
0.8135011855191546
1.733782896861723
0.5495741195875915
1.3066234939385435
0.36401873232741105
0.6675733870210894
1.018279663730725
1.7782591707185371
1.0009924635631744
1.676763055459392
3.4719782643188677
0.35459086196420736
2.5957870713082225
2.2222642688976975
1.749071299242124
3.565141802388341
1.1002336183828223
0.9382766264116676
0.5210025589146314
1.977965521716231
2.3549602572225132
1.7839807738414986
0.7077738518571637
0.9401405853712276
1.4517166520972862
1.0900764713536846
1.0786166380976994
1.489626323953462
4.707971597688063
1.6380682686361108
1.4982602768148214
1.1458282142666771
1.6526124122586232
11.336580031200985
0.6494599489337396
2.223582826361422
1.001790204388188
8.703740957229417
1.9564753779543895
2.24219098468399
2.4235409387440945
1.7553480844550748
2.6469236185833247
1.273337242310797
2.0649062901268325
2.373646349097591
3.0330489833050147
1.3531549818278783
1.3103831543314184
0.732001272722043
2.3064190795207207
5.214320381411163
2.6177381033409577
2.3378583993141846
2.976660834913307
0.8623301349753113
1.114951456466064
0.6311571229777677
1.4972052174490602
0.40089997470827266
1.681686606556617
3.7069065354419166
1.5432863089775941
1.2073279234496013
1.9909304105835632
0.6461694014022972
5.330886569514839
0.7813933176580047
1.6435640734058488
2.1804710343036113
3.701341821940638
1.6810906571719029
3.8138746263868604
0.5334278257281285
1.3858543978063729
2.373243655361915
4.224530654849456
0.6559752472723146
0.9564333213995265
0.8364448144868026
2.2807934782642523
0.7892898137201375
0.9122433966651997
4.029640312870537
0.6192193298683653
1.8435646869158457
0.8830877566922493
1.7192791204187197
1.6222999947407077
1.2374062291092622
2.365204273710639
0.8759530800002365
0.7585605206050222
3.8284259276260038
0.8778597623733518
1.9432740654520029
1.5597813699331464
0.9309979526993573
3.462764277766918
0.30770087084187486
1.371306742061414
5.678981027470088
1.0150405532330844
1.2170662387627087
1.3965859324558392
1.3896903468336506
1.6051949359106563
1.2194695974898728
0.9408904457421317
13.12495424793655
3.2232755378759954
1.3973076069326809
2.555986632773055
1.6559451052594212
3.513150786842131
0.5185308694001264
0.48355999934381105
3.732913891071122
1.6295364340691705
1.1224415243838437
1.7989200090105946
4.160532715176072
0.773522562341396
1.5126055631752806
1.4259568788719206
1.7363367878243696
1.4846636949368666
1.3345835896478813
3.5593590260946697
0.9805365731758936
2.3846915296186846
1.6014807108233522
2.342844412842258
0.7695381705692053
0.6971608846831939
2.083609631413419
2.117099941801019
1.2477717027938846
1.8412287698310994
0.8417042845359781
1.502932022069822
1.5530681923919336
1.82140817349138
1.9349020991422374
1.2778518756578838
1.1746545149601078
2.0352562855766334
9.627036869861326
2.23895036263998
1.5604477840530169
1.0051271652846168
1.4183692272988297
1.2199363096600129
0.8990289248179509
3.1947359419630215
4.058633772809513
0.8591741595279814
1.066572236512016
1.2551797470925072
1.4641293375101212
2.032337222794066
3.1891754963573735
1.1320827895285936
0.34047973191924913
1.8052768617238715
1.095734589529136
0.7054747898294802
0.5236901772737136
1.4340175555441053
0.5505911680078899
1.2170427208794923
1.1227011991586378
1.3261111944190507
2.536711882501632
1.2147160953591924
1.4617675463081126
3.872144650008329
2.064884328247232
2.2423321364405333
0.36545358994707855
1.9079825252791682
2.3959410801003544
4.7013460009217765
0.5728766963606987
1.7198226547102162
2.240153286806454
0.7307861228128758
0.9755832801809908
1.2345803042573904
1.6147456861022336
0.5666985617769668
0.506385772151901
0.7019579104578603
1.7766281232715857
1.419264685150893
1.4710077181780479
2.673701196002173
1.0815992747422691
1.3930591835755728
1.4524502855733434
0.9545631384255049
2.968579263335429
0.5360415561441003
1.4044295243950469
3.159305206152474
0.8576628354449266
13.716984726401883
1.3151246530056366
0.9477135215958409
0.8298332662103012
0.5264135392587047
0.7365255088342995
0.5635451648499139
0.5360129256775762
2.302704632147186
1.716585055758945
4.157524071042501
2.121409716157822
1.3005343627616148
0.831422657217605
2.182832781048374
1.3757546006247754
0.6908172802292714
3.596037721262047
2.671049098982769
0.9134426753374894
1.192400602822475
0.8830711741394333
2.2308992887329646
2.6965016281799548
1.1244766437411022
1.1878614290755103
1.1337433565869923
2.067689758308626
4.505053966428822
3.6219111272085858
0.6018661996047662
5.109139516218915
1.6112821554260002
1.851984089107259
0.6515465053248
1.7899164386046986
1.8398395698032335
0.956194674902164
4.130853902330364
2.262255206732641
1.8449218777264795
2.794971449778805
1.2204538364625084
1.4007804291733605
0.9334563939545081
0.9220354163316627
0.7682552678168971
0.9176949664750129
1.318824118287217
1.3875286132393412
1.2014929988061895
0.8316387638911668
1.8240821879331386
2.8383459397041486
0.9411990234876968
1.135174035225521
0.773500244803826
0.9257497747907053
0.7063206778520802
0.7630981383483715
6.587812419407348
2.0049043011096397
2.0455934399954545
0.6773099685015965
0.5024926955633136
0.7421283221955336
1.9978701422511842
1.0718988814601325
1.983183379783005
1.9246144256383872
8.19988053448813
1.8203004767461706
3.5765935888827722
0.7864410378437418
1.7979964986362074
2.4268079239350744
0.5672524546068177
2.429082712306357
1.2102334712293374
0.8941977114209909
0.928149576938177
0.5326058557039602
0.6831929069708562
3.0837802138669175
0.9528584253216738
2.3480666721764014
1.0879612400388539
3.4272796153167837
0.7992227628569133
0.9572180362514165
0.7230899511019195
1.3328963926990354
1.5651139276950017
0.44868120024428365
1.0417375296646532
0.3551457328534737
0.8140127995079116
1.653942928721564
0.5859902058019285
0.5449724834097783
1.4111092700871508
4.248231790834347
0.5863582228856034
0.8447202641151645
2.406044167118167
3.756444489059761
2.6200472571635185
1.3918543477475136
3.2763008067967663
1.8307441507267803
1.3683129911053054
0.9379516883995174
2.2248612389318683
3.506437520386426
1.9692591924581304
1.4209858474358017
0.8042986244794668
2.6440252728774656
3.1674850282443554
2.1209217534240192
2.1657857389245554
0.8809247782950477
2.459279140869053
3.530070058840499
0.8530887627597298
1.815034071366595
0.7193108184352285
1.0500287616154003
0.3964751894556659
0.8971069046949119
2.9617284017028727
3.41466593869408
1.2210099966119132
1.028342739226998
1.7665117879944185
0.7433408046699314
2.7887533925880255
2.1544678576555443
0.6904024052081486
0.6315888472951834
2.6337196386461685
0.5514158054668276
0.6511241614863231
2.695327779052466
1.341505805160517
0.530298569085738
1.774810622134258
1.3428593949342125
0.7508782195548664
1.3276958285010159
7.0291782242539975
0.8731640991199199
0.42528610794192695
0.6088502996040505
1.8591349926941185
0.5355852025123146
2.2185030080439607
0.32542535248261045
1.2819512338686327
1.3772630794440763
2.4536837963251728
0.9307420567904865
1.77212931670413
2.095977326093145
2.0946308494788344
1.1754013522382734
3.314026114453135
3.149043051107917
1.8337795581225367
2.0435789932576585
1.853283040925429
1.0874058801198798
0.37654113822375784
2.1869068875433064
2.5148821742936556
1.9889244996370288
0.5986466947526801
1.1974705516312898
1.900562922096545
2.8287062750202603
3.9379860983080417
0.7829719500117389
1.3916513115043216
0.36292352806837136
1.1622987792795978
0.9204750114488524
1.2913095730988493
0.7547560473080226
5.00854988420888
1.5070419166479094
2.1767103069368288
0.7035661513375341
3.154834318735604
2.9375448156827026
0.8505147326645748
1.2133368982117116
2.7603322307788094
0.6970603223923902
3.166907884274765
2.5574586121932623
1.4118986529498871
1.5934972563877394
0.48460834566540295
3.39345538655331
1.377307003203278
0.7371709835912306
1.0896301206022836
0.8223585804996915
2.786052303683358
0.5222357584657378
1.2136747732824933
2.391630016483413
0.7891926301800416
0.42595972413567446
1.4863015443424799
0.5800594313358055
1.3145913438807557
2.724310880453087
2.4963628415489065
2.9969213801609804
2.7770955912149105
2.6875935519388006
0.391844167038144
0.711583660023702
2.294802578929284
0.8258242006664941
3.060389478374684
0.4075152129362051
1.1988052026181228
0.5851249788772509
3.136706832158469
0.75589175211831
0.9797075789068328
3.276681405281103
0.9683509753764206
1.34404089070804
2.315694950559319
2.717897433665454
0.6507681034018641
1.3384794225857304
1.0578999170472243
1.7957422495126485
2.727231454782024
2.5335008245263158
3.4232943788569163
0.31477557470882395
0.3983640000158268
0.39835541976731875
0.8407090201662959
2.565043374045353
4.122666789250113
2.0417418420175304
3.29442575931087
1.0506534303811306
2.547866427848268
0.9035744559511159
0.5313551399978688
6.893302520312405
0.7855761221197873
0.6674779817708397
0.9814142036722485
5.06725052071661
0.9254717836304952
1.4418465210493279
0.7120139617092406
1.0104018841692237
0.4467922118551382
1.306190080245774
4.029971963926857
0.5852653748606098
1.8036759118325671
0.3641014672625064
0.5467513956574429
0.7564707188349925
1.5182048199568223
0.5636442600515944
3.6085357201302544
1.4882331672306883
1.0382264297350334
1.3851448157004855
0.856395803929496
0.48371906737055526
1.3109138849360222
2.490603271937728
1.551518590619939
0.6959122140104255
2.475921577595611
1.5142685309249717
6.679788815632732
3.2977588524268833
2.5022788562093057
0.7576169600126187
0.4965484505516055
1.1167311689441595
3.063881017115995
0.9130574532995523
2.1894946993847695
1.3859166824082365
0.937493200819916
3.3161297424267193
2.482490224629572
1.402703960842769
0.5286993974842801
2.7397759114724636
5.197076882716583
1.0996177076945846
0.8785190188765912
0.7406202434914481
2.072911928728277
0.4998691845531876
1.98119436259001
0.8282488544145667
1.9819782772114691
1.0740861779709812
0.615241384396867
0.5818905363904566
0.3783178720663608
3.200695480267407
1.6245883870293139
0.8991526937912477
4.666046547359127
1.4718813475222488
1.0289466020015274
5.233250543567634
3.831824728551835
0.5429429212082892
4.030528879849446
0.6640907841862552
2.127949154781059
1.846129692190031
2.2513095215284435
0.9918083967378873
1.492870991606872
1.2387389684345105
1.8946752267019467
0.5176457700864173
5.939110644349544
4.203765519857918
2.1281610824734822
2.5096783647166667
1.1726333551781423
0.5424069001913929
0.9448129974849202
10.027738654166237
2.8345073676993477
1.2180944459517922
1.3102359119321514
2.688323495463427
2.229339106136385
2.604552306417479
0.33065859275655424
2.1798682385029893
3.166187543515308
2.35086418884798
2.4584176928102988
1.846277779276975
1.62382372239544
0.6857445306139488
1.177216852799524
2.6230713724187513
1.6887906966632746
4.235074491005655
2.1785246960669253
0.6054735050150664
0.31842973805657193
2.537585156187864
0.43627762856691044
1.8703993918960042
1.3380193345452676
1.8448949366353093
1.6604141254719527
0.4220145436545928
1.4256328300046934
1.5526358901303179
1.6786825415194002
0.7629528520679355
0.8833280925649657
2.6741999618467913
1.0194797426334454
0.7487371585800195
1.3151146056680054
1.9658636369112688
1.426423768871045
0.807833597950272
0.9446238319025287
3.334005600990614
1.9972633008411622
1.3201980694796516
1.311041077117273
0.6873732662841002
3.0046838820832007
1.081276381763442
5.214939893136339
1.3026691552647538
0.9233112503818321
1.2054604523675951
0.579684923494192
0.7015193397245367
2.1457585942191977
1.1092289197409333
0.5202251350511109
0.8011430046901061
3.4903429303042417
1.0545241449749019
0.9065115239183763
2.1901466648996393
1.00351803526002
1.3883007466905692
0.584164124416093
0.3759729746178911
1.1385377593841355
0.656789526192898
1.575324423419526
0.9917239724274381
0.428918842897028
0.7287489584222941
0.6535286761018873
2.763403693001198
2.6575583253506645
1.9418871327436908
2.765853376178856
0.7512435692037721
1.1076306372843985
2.5717437923569193
1.5625743964228633
1.016163232070248
14.835348809997333
0.6731902933293548
1.6280805926293176
6.522207261370952
0.8789578563533917
0.8880743481645226
0.6549590879969392
1.114648835991484
0.9575287034875509
1.1686085073119499
2.653294430871894
5.615565877836556
3.0015678292429184
1.7650310060394725
1.1639925559008748
0.2784369330172897
2.0307351614716076
1.4318353716165646
1.471720412291166
2.553930173937642
2.226732133221829
0.6127945464829628
0.8792635888352028
2.385774952707493
2.117972459714066
3.797182753202578
0.7902073223662939
1.464997231869568
0.8355785650454636
1.362622063482191
1.4434516054645246
0.8815450457934086
3.610556079681789
1.2694970698451344
1.0209573236666682
0.42469060312967455
1.5496617003625177
0.4837268473886325
0.715651631418665
1.2126876001316111
1.055326598268008
3.54593155958109
1.1453071308844889
0.841939018795679
1.564345928767666
1.0576351296891224
0.9544520397673624
0.7274919297872485
1.2047335763929534
1.1556997679465122
1.2502941624834991
1.7727829715943537
2.5908351564879504
0.40626414157214424
1.1025110741888742
1.5683900710786898
1.118426857227021
1.0004026048211838
1.6044763289837993
2.8305883725362517
1.8082614989445183
0.515311586834271
0.9296993120819101
1.1648534704726752
2.1212584281491544
0.9472971350283488
2.5860554245820384
3.065022456911037
1.1205820111488993
0.6505216324291782
0.5258131886066214
0.9989227564684071
4.544140732791456
0.6295447920314476
0.7156683473432194
5.885851619228488
1.0611794836388666
1.273429046524108
0.8398510397727417
1.787897012655333
0.3553788221950667
1.704272532521698
1.8614934940599117
5.886524701935282
1.0299432000885944
0.7022770245707641
0.860036541188905
1.065430574430744
1.4282037036353712
0.7462235014251437
0.5954899635321655
3.1730677913875733
1.6195234174320685
0.8946771828207776
2.6660977621066975
3.95561873127822
0.39645429454997283
0.6093475094450531
1.3677261109988073
0.9508333977592925
3.3849657419129713
2.5573165268345495
1.87950356904995
1.2475552849195997
1.3612117018051553
1.8252299406571342
1.0852967839050187
5.090568835354857
0.47609007055853997
1.10793023466624
2.011104664316449
1.1358904637473164
3.627916056361296
1.4317154704236834
1.7243308862138569
0.7659774118956298
1.698534435760413
2.9646339050253627
1.7766703576554332
1.1641234380335563
2.4709218712357215
1.4162266547776134
1.1161526023426924
0.9066949545160138
2.3858511079701574
0.7614211665661414
1.109141872452961
0.6510272002324581
5.675521453488763
1.111351041928918
2.082235813592723
0.6023433592277527
2.0239724141009314
1.012312300951016
0.7148964806354683
0.7472910977343209
2.1298795328663753
